bright:

apriltag:
mean: -0.27799632 -0.14637021  0.02279824  0.54797242 -0.77076786  0.04365578  -0.13796153
variance: 0.03256916 0.00477281 0.00407127 0.02762383 0.04387839 0.00778416 0.00541755
mse: 0.0456504567959203, 0.06541331096356225, 0.4609281624928673, 0.2853680835752674, 0.08013582376499137, 0.056853573726898296, 0.010779818743415128

aruco:
mean: -0.57071432 -0.28758914 -0.08323372  0.54140617 -0.81291879  0.00251058  -0.19733432
variance: 0.00986594 0.00203839 0.00377341 0.00286199 0.00101703 0.00198661 0.00122964
mse: 0.041672698500345676, 0.15217281759790185, 0.6152095917311927, 0.2539821910748796, 0.022998925627803018, 0.07097759539713852, 0.018812485775224316

dim:

apriltag:
mean: -0.400446   -0.04501472 -0.0396799   0.57335159  0.75277878  0.05663658  0.16857373
variance: 0.04258206 0.00921173 0.00989913 0.02641013 0.02936165 0.01326959  0.00392588
mse: 0.04264728700933904, 0.030206990105472203, 0.555118961236618, 0.3105677547540979, 2.9670222486136932, 0.05675658420687061, 0.05835837360200082

aruco:
mean: -0.51235059  0.04902414  0.07964951  0.41904278  0.89205435 -0.07451167  0.09948198
variance: 0.01616135 0.00487165 0.00218358 0.00619082 0.00198296 0.00157118  0.00344857
mse: 0.030556733287528996, 0.007458246725046286, 0.3854196385374545, 0.14964659717980283, 3.436466870815619, 0.11695612906579153, 0.03041546076701159

standard:
-0.3923698248855136, 0.099882703997404347, 0.6987101332151331, 0.04028722394647059, -0.9611817169637324, 0.2651719366425577, -0.06473399862957147


bright:

        success failure
apriltag:  93      7
aruco:     67      33


dim:

        success failure
apriltag: 93       7
aruco:           
